index, initial_mass, final_mass, Xinit, Yinit, Zinit, amlt, fov_shell, fov0_shell, fov_core, fov0_core 
0, 1.40000, 0.58000, 0.71554074, 0.26924069, 0.01521857, 2.000000, 0.000000, 0.000000, 0.000000, 0.000000
1, 1.40000, 0.58000, 0.71144196, 0.27158034, 0.01697770, 2.000000, 0.000000, 0.000000, 0.000000, 0.000000
2, 1.40000, 0.58000, 0.70689859, 0.27417376, 0.01892764, 2.000000, 0.000000, 0.000000, 0.000000, 0.000000
3, 1.40000, 0.58000, 0.70186945, 0.27704448, 0.02108607, 2.000000, 0.000000, 0.000000, 0.000000, 0.000000
4, 1.40000, 0.58000, 0.69631116, 0.28021723, 0.02347160, 2.000000, 0.000000, 0.000000, 0.000000, 0.000000
5, 1.40000, 0.58000, 0.69017855, 0.28371782, 0.02610363, 2.000000, 0.000000, 0.000000, 0.000000, 0.000000
6, 1.40000, 0.58000, 0.68342498, 0.28757287, 0.02900215, 2.000000, 0.000000, 0.000000, 0.000000, 0.000000
7, 1.40000, 0.58000, 0.67600299, 0.29180945, 0.03218756, 2.000000, 0.000000, 0.000000, 0.000000, 0.000000
8, 1.40000, 0.58000, 0.66786498, 0.29645475, 0.03568027, 2.000000, 0.000000, 0.000000, 0.000000, 0.000000
9, 1.40000, 0.60000, 0.71554074, 0.26924069, 0.01521857, 2.000000, 0.000000, 0.000000, 0.000000, 0.000000
10, 1.40000, 0.60000, 0.71144196, 0.27158034, 0.01697770, 2.000000, 0.000000, 0.000000, 0.000000, 0.000000
11, 1.40000, 0.60000, 0.70689859, 0.27417376, 0.01892764, 2.000000, 0.000000, 0.000000, 0.000000, 0.000000
12, 1.40000, 0.60000, 0.70186945, 0.27704448, 0.02108607, 2.000000, 0.000000, 0.000000, 0.000000, 0.000000
13, 1.40000, 0.60000, 0.69631116, 0.28021723, 0.02347160, 2.000000, 0.000000, 0.000000, 0.000000, 0.000000
14, 1.40000, 0.60000, 0.69017855, 0.28371782, 0.02610363, 2.000000, 0.000000, 0.000000, 0.000000, 0.000000
15, 1.40000, 0.60000, 0.68342498, 0.28757287, 0.02900215, 2.000000, 0.000000, 0.000000, 0.000000, 0.000000
16, 1.40000, 0.60000, 0.67600299, 0.29180945, 0.03218756, 2.000000, 0.000000, 0.000000, 0.000000, 0.000000
17, 1.40000, 0.60000, 0.66786498, 0.29645475, 0.03568027, 2.000000, 0.000000, 0.000000, 0.000000, 0.000000
18, 1.40000, 0.62000, 0.71554074, 0.26924069, 0.01521857, 2.000000, 0.000000, 0.000000, 0.000000, 0.000000
19, 1.40000, 0.62000, 0.71144196, 0.27158034, 0.01697770, 2.000000, 0.000000, 0.000000, 0.000000, 0.000000
20, 1.40000, 0.62000, 0.70689859, 0.27417376, 0.01892764, 2.000000, 0.000000, 0.000000, 0.000000, 0.000000
21, 1.40000, 0.62000, 0.70186945, 0.27704448, 0.02108607, 2.000000, 0.000000, 0.000000, 0.000000, 0.000000
22, 1.40000, 0.62000, 0.69631116, 0.28021723, 0.02347160, 2.000000, 0.000000, 0.000000, 0.000000, 0.000000
23, 1.40000, 0.62000, 0.69017855, 0.28371782, 0.02610363, 2.000000, 0.000000, 0.000000, 0.000000, 0.000000
24, 1.40000, 0.62000, 0.68342498, 0.28757287, 0.02900215, 2.000000, 0.000000, 0.000000, 0.000000, 0.000000
25, 1.40000, 0.62000, 0.67600299, 0.29180945, 0.03218756, 2.000000, 0.000000, 0.000000, 0.000000, 0.000000
26, 1.40000, 0.62000, 0.66786498, 0.29645475, 0.03568027, 2.000000, 0.000000, 0.000000, 0.000000, 0.000000
27, 1.40000, 0.64000, 0.71554074, 0.26924069, 0.01521857, 2.000000, 0.000000, 0.000000, 0.000000, 0.000000
28, 1.40000, 0.64000, 0.71144196, 0.27158034, 0.01697770, 2.000000, 0.000000, 0.000000, 0.000000, 0.000000
29, 1.40000, 0.64000, 0.70689859, 0.27417376, 0.01892764, 2.000000, 0.000000, 0.000000, 0.000000, 0.000000
30, 1.40000, 0.64000, 0.70186945, 0.27704448, 0.02108607, 2.000000, 0.000000, 0.000000, 0.000000, 0.000000
31, 1.40000, 0.64000, 0.69631116, 0.28021723, 0.02347160, 2.000000, 0.000000, 0.000000, 0.000000, 0.000000
32, 1.40000, 0.64000, 0.69017855, 0.28371782, 0.02610363, 2.000000, 0.000000, 0.000000, 0.000000, 0.000000
33, 1.40000, 0.64000, 0.68342498, 0.28757287, 0.02900215, 2.000000, 0.000000, 0.000000, 0.000000, 0.000000
34, 1.40000, 0.64000, 0.67600299, 0.29180945, 0.03218756, 2.000000, 0.000000, 0.000000, 0.000000, 0.000000
35, 1.40000, 0.64000, 0.66786498, 0.29645475, 0.03568027, 2.000000, 0.000000, 0.000000, 0.000000, 0.000000
36, 1.40000, 0.66000, 0.71554074, 0.26924069, 0.01521857, 2.000000, 0.000000, 0.000000, 0.000000, 0.000000
37, 1.40000, 0.66000, 0.71144196, 0.27158034, 0.01697770, 2.000000, 0.000000, 0.000000, 0.000000, 0.000000
38, 1.40000, 0.66000, 0.70689859, 0.27417376, 0.01892764, 2.000000, 0.000000, 0.000000, 0.000000, 0.000000
39, 1.40000, 0.66000, 0.70186945, 0.27704448, 0.02108607, 2.000000, 0.000000, 0.000000, 0.000000, 0.000000
40, 1.40000, 0.66000, 0.69631116, 0.28021723, 0.02347160, 2.000000, 0.000000, 0.000000, 0.000000, 0.000000
41, 1.40000, 0.66000, 0.69017855, 0.28371782, 0.02610363, 2.000000, 0.000000, 0.000000, 0.000000, 0.000000
42, 1.40000, 0.66000, 0.68342498, 0.28757287, 0.02900215, 2.000000, 0.000000, 0.000000, 0.000000, 0.000000
43, 1.40000, 0.66000, 0.67600299, 0.29180945, 0.03218756, 2.000000, 0.000000, 0.000000, 0.000000, 0.000000
44, 1.40000, 0.66000, 0.66786498, 0.29645475, 0.03568027, 2.000000, 0.000000, 0.000000, 0.000000, 0.000000
45, 1.40000, 0.68000, 0.71554074, 0.26924069, 0.01521857, 2.000000, 0.000000, 0.000000, 0.000000, 0.000000
46, 1.40000, 0.68000, 0.71144196, 0.27158034, 0.01697770, 2.000000, 0.000000, 0.000000, 0.000000, 0.000000
47, 1.40000, 0.68000, 0.70689859, 0.27417376, 0.01892764, 2.000000, 0.000000, 0.000000, 0.000000, 0.000000
48, 1.40000, 0.68000, 0.70186945, 0.27704448, 0.02108607, 2.000000, 0.000000, 0.000000, 0.000000, 0.000000
49, 1.40000, 0.68000, 0.69631116, 0.28021723, 0.02347160, 2.000000, 0.000000, 0.000000, 0.000000, 0.000000
50, 1.40000, 0.68000, 0.69017855, 0.28371782, 0.02610363, 2.000000, 0.000000, 0.000000, 0.000000, 0.000000
51, 1.40000, 0.68000, 0.68342498, 0.28757287, 0.02900215, 2.000000, 0.000000, 0.000000, 0.000000, 0.000000
52, 1.40000, 0.68000, 0.67600299, 0.29180945, 0.03218756, 2.000000, 0.000000, 0.000000, 0.000000, 0.000000
53, 1.40000, 0.68000, 0.66786498, 0.29645475, 0.03568027, 2.000000, 0.000000, 0.000000, 0.000000, 0.000000
54, 1.40000, 0.70000, 0.71554074, 0.26924069, 0.01521857, 2.000000, 0.000000, 0.000000, 0.000000, 0.000000
55, 1.40000, 0.70000, 0.71144196, 0.27158034, 0.01697770, 2.000000, 0.000000, 0.000000, 0.000000, 0.000000
56, 1.40000, 0.70000, 0.70689859, 0.27417376, 0.01892764, 2.000000, 0.000000, 0.000000, 0.000000, 0.000000
57, 1.40000, 0.70000, 0.70186945, 0.27704448, 0.02108607, 2.000000, 0.000000, 0.000000, 0.000000, 0.000000
58, 1.40000, 0.70000, 0.69631116, 0.28021723, 0.02347160, 2.000000, 0.000000, 0.000000, 0.000000, 0.000000
59, 1.40000, 0.70000, 0.69017855, 0.28371782, 0.02610363, 2.000000, 0.000000, 0.000000, 0.000000, 0.000000
60, 1.40000, 0.70000, 0.68342498, 0.28757287, 0.02900215, 2.000000, 0.000000, 0.000000, 0.000000, 0.000000
61, 1.40000, 0.70000, 0.67600299, 0.29180945, 0.03218756, 2.000000, 0.000000, 0.000000, 0.000000, 0.000000
62, 1.40000, 0.70000, 0.66786498, 0.29645475, 0.03568027, 2.000000, 0.000000, 0.000000, 0.000000, 0.000000
63, 1.40000, 0.72000, 0.71554074, 0.26924069, 0.01521857, 2.000000, 0.000000, 0.000000, 0.000000, 0.000000
64, 1.40000, 0.72000, 0.71144196, 0.27158034, 0.01697770, 2.000000, 0.000000, 0.000000, 0.000000, 0.000000
65, 1.40000, 0.72000, 0.70689859, 0.27417376, 0.01892764, 2.000000, 0.000000, 0.000000, 0.000000, 0.000000
66, 1.40000, 0.72000, 0.70186945, 0.27704448, 0.02108607, 2.000000, 0.000000, 0.000000, 0.000000, 0.000000
67, 1.40000, 0.72000, 0.69631116, 0.28021723, 0.02347160, 2.000000, 0.000000, 0.000000, 0.000000, 0.000000
68, 1.40000, 0.72000, 0.69017855, 0.28371782, 0.02610363, 2.000000, 0.000000, 0.000000, 0.000000, 0.000000
69, 1.40000, 0.72000, 0.68342498, 0.28757287, 0.02900215, 2.000000, 0.000000, 0.000000, 0.000000, 0.000000
70, 1.40000, 0.72000, 0.67600299, 0.29180945, 0.03218756, 2.000000, 0.000000, 0.000000, 0.000000, 0.000000
71, 1.40000, 0.72000, 0.66786498, 0.29645475, 0.03568027, 2.000000, 0.000000, 0.000000, 0.000000, 0.000000
72, 1.40000, 0.74000, 0.71554074, 0.26924069, 0.01521857, 2.000000, 0.000000, 0.000000, 0.000000, 0.000000
73, 1.40000, 0.74000, 0.71144196, 0.27158034, 0.01697770, 2.000000, 0.000000, 0.000000, 0.000000, 0.000000
74, 1.40000, 0.74000, 0.70689859, 0.27417376, 0.01892764, 2.000000, 0.000000, 0.000000, 0.000000, 0.000000
75, 1.40000, 0.74000, 0.70186945, 0.27704448, 0.02108607, 2.000000, 0.000000, 0.000000, 0.000000, 0.000000
76, 1.40000, 0.74000, 0.69631116, 0.28021723, 0.02347160, 2.000000, 0.000000, 0.000000, 0.000000, 0.000000
77, 1.40000, 0.74000, 0.69017855, 0.28371782, 0.02610363, 2.000000, 0.000000, 0.000000, 0.000000, 0.000000
78, 1.40000, 0.74000, 0.68342498, 0.28757287, 0.02900215, 2.000000, 0.000000, 0.000000, 0.000000, 0.000000
79, 1.40000, 0.74000, 0.67600299, 0.29180945, 0.03218756, 2.000000, 0.000000, 0.000000, 0.000000, 0.000000
80, 1.40000, 0.74000, 0.66786498, 0.29645475, 0.03568027, 2.000000, 0.000000, 0.000000, 0.000000, 0.000000
81, 1.40000, 0.76000, 0.71554074, 0.26924069, 0.01521857, 2.000000, 0.000000, 0.000000, 0.000000, 0.000000
82, 1.40000, 0.76000, 0.71144196, 0.27158034, 0.01697770, 2.000000, 0.000000, 0.000000, 0.000000, 0.000000
83, 1.40000, 0.76000, 0.70689859, 0.27417376, 0.01892764, 2.000000, 0.000000, 0.000000, 0.000000, 0.000000
84, 1.40000, 0.76000, 0.70186945, 0.27704448, 0.02108607, 2.000000, 0.000000, 0.000000, 0.000000, 0.000000
85, 1.40000, 0.76000, 0.69631116, 0.28021723, 0.02347160, 2.000000, 0.000000, 0.000000, 0.000000, 0.000000
86, 1.40000, 0.76000, 0.69017855, 0.28371782, 0.02610363, 2.000000, 0.000000, 0.000000, 0.000000, 0.000000
87, 1.40000, 0.76000, 0.68342498, 0.28757287, 0.02900215, 2.000000, 0.000000, 0.000000, 0.000000, 0.000000
88, 1.40000, 0.76000, 0.67600299, 0.29180945, 0.03218756, 2.000000, 0.000000, 0.000000, 0.000000, 0.000000
89, 1.40000, 0.76000, 0.66786498, 0.29645475, 0.03568027, 2.000000, 0.000000, 0.000000, 0.000000, 0.000000
90, 1.40000, 0.78000, 0.71554074, 0.26924069, 0.01521857, 2.000000, 0.000000, 0.000000, 0.000000, 0.000000
91, 1.40000, 0.78000, 0.71144196, 0.27158034, 0.01697770, 2.000000, 0.000000, 0.000000, 0.000000, 0.000000
92, 1.40000, 0.78000, 0.70689859, 0.27417376, 0.01892764, 2.000000, 0.000000, 0.000000, 0.000000, 0.000000
93, 1.40000, 0.78000, 0.70186945, 0.27704448, 0.02108607, 2.000000, 0.000000, 0.000000, 0.000000, 0.000000
94, 1.40000, 0.78000, 0.69631116, 0.28021723, 0.02347160, 2.000000, 0.000000, 0.000000, 0.000000, 0.000000
95, 1.40000, 0.78000, 0.69017855, 0.28371782, 0.02610363, 2.000000, 0.000000, 0.000000, 0.000000, 0.000000
96, 1.40000, 0.78000, 0.68342498, 0.28757287, 0.02900215, 2.000000, 0.000000, 0.000000, 0.000000, 0.000000
97, 1.40000, 0.78000, 0.67600299, 0.29180945, 0.03218756, 2.000000, 0.000000, 0.000000, 0.000000, 0.000000
98, 1.40000, 0.78000, 0.66786498, 0.29645475, 0.03568027, 2.000000, 0.000000, 0.000000, 0.000000, 0.000000
99, 1.40000, 0.80000, 0.71554074, 0.26924069, 0.01521857, 2.000000, 0.000000, 0.000000, 0.000000, 0.000000
100, 1.40000, 0.80000, 0.71144196, 0.27158034, 0.01697770, 2.000000, 0.000000, 0.000000, 0.000000, 0.000000
101, 1.40000, 0.80000, 0.70689859, 0.27417376, 0.01892764, 2.000000, 0.000000, 0.000000, 0.000000, 0.000000
102, 1.40000, 0.80000, 0.70186945, 0.27704448, 0.02108607, 2.000000, 0.000000, 0.000000, 0.000000, 0.000000
103, 1.40000, 0.80000, 0.69631116, 0.28021723, 0.02347160, 2.000000, 0.000000, 0.000000, 0.000000, 0.000000
104, 1.40000, 0.80000, 0.69017855, 0.28371782, 0.02610363, 2.000000, 0.000000, 0.000000, 0.000000, 0.000000
105, 1.40000, 0.80000, 0.68342498, 0.28757287, 0.02900215, 2.000000, 0.000000, 0.000000, 0.000000, 0.000000
106, 1.40000, 0.80000, 0.67600299, 0.29180945, 0.03218756, 2.000000, 0.000000, 0.000000, 0.000000, 0.000000
107, 1.40000, 0.80000, 0.66786498, 0.29645475, 0.03568027, 2.000000, 0.000000, 0.000000, 0.000000, 0.000000
108, 1.40000, 0.82000, 0.71554074, 0.26924069, 0.01521857, 2.000000, 0.000000, 0.000000, 0.000000, 0.000000
109, 1.40000, 0.82000, 0.71144196, 0.27158034, 0.01697770, 2.000000, 0.000000, 0.000000, 0.000000, 0.000000
110, 1.40000, 0.82000, 0.70689859, 0.27417376, 0.01892764, 2.000000, 0.000000, 0.000000, 0.000000, 0.000000
111, 1.40000, 0.82000, 0.70186945, 0.27704448, 0.02108607, 2.000000, 0.000000, 0.000000, 0.000000, 0.000000
112, 1.40000, 0.82000, 0.69631116, 0.28021723, 0.02347160, 2.000000, 0.000000, 0.000000, 0.000000, 0.000000
113, 1.40000, 0.82000, 0.69017855, 0.28371782, 0.02610363, 2.000000, 0.000000, 0.000000, 0.000000, 0.000000
114, 1.40000, 0.82000, 0.68342498, 0.28757287, 0.02900215, 2.000000, 0.000000, 0.000000, 0.000000, 0.000000
115, 1.40000, 0.82000, 0.67600299, 0.29180945, 0.03218756, 2.000000, 0.000000, 0.000000, 0.000000, 0.000000
116, 1.40000, 0.82000, 0.66786498, 0.29645475, 0.03568027, 2.000000, 0.000000, 0.000000, 0.000000, 0.000000
117, 1.40000, 0.84000, 0.71554074, 0.26924069, 0.01521857, 2.000000, 0.000000, 0.000000, 0.000000, 0.000000
118, 1.40000, 0.84000, 0.71144196, 0.27158034, 0.01697770, 2.000000, 0.000000, 0.000000, 0.000000, 0.000000
119, 1.40000, 0.84000, 0.70689859, 0.27417376, 0.01892764, 2.000000, 0.000000, 0.000000, 0.000000, 0.000000
120, 1.40000, 0.84000, 0.70186945, 0.27704448, 0.02108607, 2.000000, 0.000000, 0.000000, 0.000000, 0.000000
121, 1.40000, 0.84000, 0.69631116, 0.28021723, 0.02347160, 2.000000, 0.000000, 0.000000, 0.000000, 0.000000
122, 1.40000, 0.84000, 0.69017855, 0.28371782, 0.02610363, 2.000000, 0.000000, 0.000000, 0.000000, 0.000000
123, 1.40000, 0.84000, 0.68342498, 0.28757287, 0.02900215, 2.000000, 0.000000, 0.000000, 0.000000, 0.000000
124, 1.40000, 0.84000, 0.67600299, 0.29180945, 0.03218756, 2.000000, 0.000000, 0.000000, 0.000000, 0.000000
125, 1.40000, 0.84000, 0.66786498, 0.29645475, 0.03568027, 2.000000, 0.000000, 0.000000, 0.000000, 0.000000
126, 1.40000, 0.86000, 0.71554074, 0.26924069, 0.01521857, 2.000000, 0.000000, 0.000000, 0.000000, 0.000000
127, 1.40000, 0.86000, 0.71144196, 0.27158034, 0.01697770, 2.000000, 0.000000, 0.000000, 0.000000, 0.000000
128, 1.40000, 0.86000, 0.70689859, 0.27417376, 0.01892764, 2.000000, 0.000000, 0.000000, 0.000000, 0.000000
129, 1.40000, 0.86000, 0.70186945, 0.27704448, 0.02108607, 2.000000, 0.000000, 0.000000, 0.000000, 0.000000
130, 1.40000, 0.86000, 0.69631116, 0.28021723, 0.02347160, 2.000000, 0.000000, 0.000000, 0.000000, 0.000000
131, 1.40000, 0.86000, 0.69017855, 0.28371782, 0.02610363, 2.000000, 0.000000, 0.000000, 0.000000, 0.000000
132, 1.40000, 0.86000, 0.68342498, 0.28757287, 0.02900215, 2.000000, 0.000000, 0.000000, 0.000000, 0.000000
133, 1.40000, 0.86000, 0.67600299, 0.29180945, 0.03218756, 2.000000, 0.000000, 0.000000, 0.000000, 0.000000
134, 1.40000, 0.86000, 0.66786498, 0.29645475, 0.03568027, 2.000000, 0.000000, 0.000000, 0.000000, 0.000000
135, 1.40000, 0.88000, 0.71554074, 0.26924069, 0.01521857, 2.000000, 0.000000, 0.000000, 0.000000, 0.000000
136, 1.40000, 0.88000, 0.71144196, 0.27158034, 0.01697770, 2.000000, 0.000000, 0.000000, 0.000000, 0.000000
137, 1.40000, 0.88000, 0.70689859, 0.27417376, 0.01892764, 2.000000, 0.000000, 0.000000, 0.000000, 0.000000
138, 1.40000, 0.88000, 0.70186945, 0.27704448, 0.02108607, 2.000000, 0.000000, 0.000000, 0.000000, 0.000000
139, 1.40000, 0.88000, 0.69631116, 0.28021723, 0.02347160, 2.000000, 0.000000, 0.000000, 0.000000, 0.000000
140, 1.40000, 0.88000, 0.69017855, 0.28371782, 0.02610363, 2.000000, 0.000000, 0.000000, 0.000000, 0.000000
141, 1.40000, 0.88000, 0.68342498, 0.28757287, 0.02900215, 2.000000, 0.000000, 0.000000, 0.000000, 0.000000
142, 1.40000, 0.88000, 0.67600299, 0.29180945, 0.03218756, 2.000000, 0.000000, 0.000000, 0.000000, 0.000000
143, 1.40000, 0.88000, 0.66786498, 0.29645475, 0.03568027, 2.000000, 0.000000, 0.000000, 0.000000, 0.000000
144, 1.40000, 0.90000, 0.71554074, 0.26924069, 0.01521857, 2.000000, 0.000000, 0.000000, 0.000000, 0.000000
145, 1.40000, 0.90000, 0.71144196, 0.27158034, 0.01697770, 2.000000, 0.000000, 0.000000, 0.000000, 0.000000
146, 1.40000, 0.90000, 0.70689859, 0.27417376, 0.01892764, 2.000000, 0.000000, 0.000000, 0.000000, 0.000000
147, 1.40000, 0.90000, 0.70186945, 0.27704448, 0.02108607, 2.000000, 0.000000, 0.000000, 0.000000, 0.000000
148, 1.40000, 0.90000, 0.69631116, 0.28021723, 0.02347160, 2.000000, 0.000000, 0.000000, 0.000000, 0.000000
149, 1.40000, 0.90000, 0.69017855, 0.28371782, 0.02610363, 2.000000, 0.000000, 0.000000, 0.000000, 0.000000
150, 1.40000, 0.90000, 0.68342498, 0.28757287, 0.02900215, 2.000000, 0.000000, 0.000000, 0.000000, 0.000000
151, 1.40000, 0.90000, 0.67600299, 0.29180945, 0.03218756, 2.000000, 0.000000, 0.000000, 0.000000, 0.000000
152, 1.40000, 0.90000, 0.66786498, 0.29645475, 0.03568027, 2.000000, 0.000000, 0.000000, 0.000000, 0.000000
153, 1.40000, 0.92000, 0.71554074, 0.26924069, 0.01521857, 2.000000, 0.000000, 0.000000, 0.000000, 0.000000
154, 1.40000, 0.92000, 0.71144196, 0.27158034, 0.01697770, 2.000000, 0.000000, 0.000000, 0.000000, 0.000000
155, 1.40000, 0.92000, 0.70689859, 0.27417376, 0.01892764, 2.000000, 0.000000, 0.000000, 0.000000, 0.000000
156, 1.40000, 0.92000, 0.70186945, 0.27704448, 0.02108607, 2.000000, 0.000000, 0.000000, 0.000000, 0.000000
157, 1.40000, 0.92000, 0.69631116, 0.28021723, 0.02347160, 2.000000, 0.000000, 0.000000, 0.000000, 0.000000
158, 1.40000, 0.92000, 0.69017855, 0.28371782, 0.02610363, 2.000000, 0.000000, 0.000000, 0.000000, 0.000000
159, 1.40000, 0.92000, 0.68342498, 0.28757287, 0.02900215, 2.000000, 0.000000, 0.000000, 0.000000, 0.000000
160, 1.40000, 0.92000, 0.67600299, 0.29180945, 0.03218756, 2.000000, 0.000000, 0.000000, 0.000000, 0.000000
161, 1.40000, 0.92000, 0.66786498, 0.29645475, 0.03568027, 2.000000, 0.000000, 0.000000, 0.000000, 0.000000
162, 1.40000, 0.94000, 0.71554074, 0.26924069, 0.01521857, 2.000000, 0.000000, 0.000000, 0.000000, 0.000000
163, 1.40000, 0.94000, 0.71144196, 0.27158034, 0.01697770, 2.000000, 0.000000, 0.000000, 0.000000, 0.000000
164, 1.40000, 0.94000, 0.70689859, 0.27417376, 0.01892764, 2.000000, 0.000000, 0.000000, 0.000000, 0.000000
165, 1.40000, 0.94000, 0.70186945, 0.27704448, 0.02108607, 2.000000, 0.000000, 0.000000, 0.000000, 0.000000
166, 1.40000, 0.94000, 0.69631116, 0.28021723, 0.02347160, 2.000000, 0.000000, 0.000000, 0.000000, 0.000000
167, 1.40000, 0.94000, 0.69017855, 0.28371782, 0.02610363, 2.000000, 0.000000, 0.000000, 0.000000, 0.000000
168, 1.40000, 0.94000, 0.68342498, 0.28757287, 0.02900215, 2.000000, 0.000000, 0.000000, 0.000000, 0.000000
169, 1.40000, 0.94000, 0.67600299, 0.29180945, 0.03218756, 2.000000, 0.000000, 0.000000, 0.000000, 0.000000
170, 1.40000, 0.94000, 0.66786498, 0.29645475, 0.03568027, 2.000000, 0.000000, 0.000000, 0.000000, 0.000000
171, 1.40000, 0.96000, 0.71554074, 0.26924069, 0.01521857, 2.000000, 0.000000, 0.000000, 0.000000, 0.000000
172, 1.40000, 0.96000, 0.71144196, 0.27158034, 0.01697770, 2.000000, 0.000000, 0.000000, 0.000000, 0.000000
173, 1.40000, 0.96000, 0.70689859, 0.27417376, 0.01892764, 2.000000, 0.000000, 0.000000, 0.000000, 0.000000
174, 1.40000, 0.96000, 0.70186945, 0.27704448, 0.02108607, 2.000000, 0.000000, 0.000000, 0.000000, 0.000000
175, 1.40000, 0.96000, 0.69631116, 0.28021723, 0.02347160, 2.000000, 0.000000, 0.000000, 0.000000, 0.000000
176, 1.40000, 0.96000, 0.69017855, 0.28371782, 0.02610363, 2.000000, 0.000000, 0.000000, 0.000000, 0.000000
177, 1.40000, 0.96000, 0.68342498, 0.28757287, 0.02900215, 2.000000, 0.000000, 0.000000, 0.000000, 0.000000
178, 1.40000, 0.96000, 0.67600299, 0.29180945, 0.03218756, 2.000000, 0.000000, 0.000000, 0.000000, 0.000000
179, 1.40000, 0.96000, 0.66786498, 0.29645475, 0.03568027, 2.000000, 0.000000, 0.000000, 0.000000, 0.000000
180, 1.40000, 0.98000, 0.71554074, 0.26924069, 0.01521857, 2.000000, 0.000000, 0.000000, 0.000000, 0.000000
181, 1.40000, 0.98000, 0.71144196, 0.27158034, 0.01697770, 2.000000, 0.000000, 0.000000, 0.000000, 0.000000
182, 1.40000, 0.98000, 0.70689859, 0.27417376, 0.01892764, 2.000000, 0.000000, 0.000000, 0.000000, 0.000000
183, 1.40000, 0.98000, 0.70186945, 0.27704448, 0.02108607, 2.000000, 0.000000, 0.000000, 0.000000, 0.000000
184, 1.40000, 0.98000, 0.69631116, 0.28021723, 0.02347160, 2.000000, 0.000000, 0.000000, 0.000000, 0.000000
185, 1.40000, 0.98000, 0.69017855, 0.28371782, 0.02610363, 2.000000, 0.000000, 0.000000, 0.000000, 0.000000
186, 1.40000, 0.98000, 0.68342498, 0.28757287, 0.02900215, 2.000000, 0.000000, 0.000000, 0.000000, 0.000000
187, 1.40000, 0.98000, 0.67600299, 0.29180945, 0.03218756, 2.000000, 0.000000, 0.000000, 0.000000, 0.000000
188, 1.40000, 0.98000, 0.66786498, 0.29645475, 0.03568027, 2.000000, 0.000000, 0.000000, 0.000000, 0.000000
189, 1.40000, 1.00000, 0.71554074, 0.26924069, 0.01521857, 2.000000, 0.000000, 0.000000, 0.000000, 0.000000
190, 1.40000, 1.00000, 0.71144196, 0.27158034, 0.01697770, 2.000000, 0.000000, 0.000000, 0.000000, 0.000000
191, 1.40000, 1.00000, 0.70689859, 0.27417376, 0.01892764, 2.000000, 0.000000, 0.000000, 0.000000, 0.000000
192, 1.40000, 1.00000, 0.70186945, 0.27704448, 0.02108607, 2.000000, 0.000000, 0.000000, 0.000000, 0.000000
193, 1.40000, 1.00000, 0.69631116, 0.28021723, 0.02347160, 2.000000, 0.000000, 0.000000, 0.000000, 0.000000
194, 1.40000, 1.00000, 0.69017855, 0.28371782, 0.02610363, 2.000000, 0.000000, 0.000000, 0.000000, 0.000000
195, 1.40000, 1.00000, 0.68342498, 0.28757287, 0.02900215, 2.000000, 0.000000, 0.000000, 0.000000, 0.000000
196, 1.40000, 1.00000, 0.67600299, 0.29180945, 0.03218756, 2.000000, 0.000000, 0.000000, 0.000000, 0.000000
197, 1.40000, 1.00000, 0.66786498, 0.29645475, 0.03568027, 2.000000, 0.000000, 0.000000, 0.000000, 0.000000
198, 1.40000, 1.02000, 0.71554074, 0.26924069, 0.01521857, 2.000000, 0.000000, 0.000000, 0.000000, 0.000000
199, 1.40000, 1.02000, 0.71144196, 0.27158034, 0.01697770, 2.000000, 0.000000, 0.000000, 0.000000, 0.000000
200, 1.40000, 1.02000, 0.70689859, 0.27417376, 0.01892764, 2.000000, 0.000000, 0.000000, 0.000000, 0.000000
201, 1.40000, 1.02000, 0.70186945, 0.27704448, 0.02108607, 2.000000, 0.000000, 0.000000, 0.000000, 0.000000
202, 1.40000, 1.02000, 0.69631116, 0.28021723, 0.02347160, 2.000000, 0.000000, 0.000000, 0.000000, 0.000000
203, 1.40000, 1.02000, 0.69017855, 0.28371782, 0.02610363, 2.000000, 0.000000, 0.000000, 0.000000, 0.000000
204, 1.40000, 1.02000, 0.68342498, 0.28757287, 0.02900215, 2.000000, 0.000000, 0.000000, 0.000000, 0.000000
205, 1.40000, 1.02000, 0.67600299, 0.29180945, 0.03218756, 2.000000, 0.000000, 0.000000, 0.000000, 0.000000
206, 1.40000, 1.02000, 0.66786498, 0.29645475, 0.03568027, 2.000000, 0.000000, 0.000000, 0.000000, 0.000000
207, 1.40000, 1.04000, 0.71554074, 0.26924069, 0.01521857, 2.000000, 0.000000, 0.000000, 0.000000, 0.000000
208, 1.40000, 1.04000, 0.71144196, 0.27158034, 0.01697770, 2.000000, 0.000000, 0.000000, 0.000000, 0.000000
209, 1.40000, 1.04000, 0.70689859, 0.27417376, 0.01892764, 2.000000, 0.000000, 0.000000, 0.000000, 0.000000
210, 1.40000, 1.04000, 0.70186945, 0.27704448, 0.02108607, 2.000000, 0.000000, 0.000000, 0.000000, 0.000000
211, 1.40000, 1.04000, 0.69631116, 0.28021723, 0.02347160, 2.000000, 0.000000, 0.000000, 0.000000, 0.000000
212, 1.40000, 1.04000, 0.69017855, 0.28371782, 0.02610363, 2.000000, 0.000000, 0.000000, 0.000000, 0.000000
213, 1.40000, 1.04000, 0.68342498, 0.28757287, 0.02900215, 2.000000, 0.000000, 0.000000, 0.000000, 0.000000
214, 1.40000, 1.04000, 0.67600299, 0.29180945, 0.03218756, 2.000000, 0.000000, 0.000000, 0.000000, 0.000000
215, 1.40000, 1.04000, 0.66786498, 0.29645475, 0.03568027, 2.000000, 0.000000, 0.000000, 0.000000, 0.000000
216, 1.40000, 1.06000, 0.71554074, 0.26924069, 0.01521857, 2.000000, 0.000000, 0.000000, 0.000000, 0.000000
217, 1.40000, 1.06000, 0.71144196, 0.27158034, 0.01697770, 2.000000, 0.000000, 0.000000, 0.000000, 0.000000
218, 1.40000, 1.06000, 0.70689859, 0.27417376, 0.01892764, 2.000000, 0.000000, 0.000000, 0.000000, 0.000000
219, 1.40000, 1.06000, 0.70186945, 0.27704448, 0.02108607, 2.000000, 0.000000, 0.000000, 0.000000, 0.000000
220, 1.40000, 1.06000, 0.69631116, 0.28021723, 0.02347160, 2.000000, 0.000000, 0.000000, 0.000000, 0.000000
221, 1.40000, 1.06000, 0.69017855, 0.28371782, 0.02610363, 2.000000, 0.000000, 0.000000, 0.000000, 0.000000
222, 1.40000, 1.06000, 0.68342498, 0.28757287, 0.02900215, 2.000000, 0.000000, 0.000000, 0.000000, 0.000000
223, 1.40000, 1.06000, 0.67600299, 0.29180945, 0.03218756, 2.000000, 0.000000, 0.000000, 0.000000, 0.000000
224, 1.40000, 1.06000, 0.66786498, 0.29645475, 0.03568027, 2.000000, 0.000000, 0.000000, 0.000000, 0.000000
225, 1.40000, 1.08000, 0.71554074, 0.26924069, 0.01521857, 2.000000, 0.000000, 0.000000, 0.000000, 0.000000
226, 1.40000, 1.08000, 0.71144196, 0.27158034, 0.01697770, 2.000000, 0.000000, 0.000000, 0.000000, 0.000000
227, 1.40000, 1.08000, 0.70689859, 0.27417376, 0.01892764, 2.000000, 0.000000, 0.000000, 0.000000, 0.000000
228, 1.40000, 1.08000, 0.70186945, 0.27704448, 0.02108607, 2.000000, 0.000000, 0.000000, 0.000000, 0.000000
229, 1.40000, 1.08000, 0.69631116, 0.28021723, 0.02347160, 2.000000, 0.000000, 0.000000, 0.000000, 0.000000
230, 1.40000, 1.08000, 0.69017855, 0.28371782, 0.02610363, 2.000000, 0.000000, 0.000000, 0.000000, 0.000000
231, 1.40000, 1.08000, 0.68342498, 0.28757287, 0.02900215, 2.000000, 0.000000, 0.000000, 0.000000, 0.000000
232, 1.40000, 1.08000, 0.67600299, 0.29180945, 0.03218756, 2.000000, 0.000000, 0.000000, 0.000000, 0.000000
233, 1.40000, 1.08000, 0.66786498, 0.29645475, 0.03568027, 2.000000, 0.000000, 0.000000, 0.000000, 0.000000
234, 1.40000, 1.10000, 0.71554074, 0.26924069, 0.01521857, 2.000000, 0.000000, 0.000000, 0.000000, 0.000000
235, 1.40000, 1.10000, 0.71144196, 0.27158034, 0.01697770, 2.000000, 0.000000, 0.000000, 0.000000, 0.000000
236, 1.40000, 1.10000, 0.70689859, 0.27417376, 0.01892764, 2.000000, 0.000000, 0.000000, 0.000000, 0.000000
237, 1.40000, 1.10000, 0.70186945, 0.27704448, 0.02108607, 2.000000, 0.000000, 0.000000, 0.000000, 0.000000
238, 1.40000, 1.10000, 0.69631116, 0.28021723, 0.02347160, 2.000000, 0.000000, 0.000000, 0.000000, 0.000000
239, 1.40000, 1.10000, 0.69017855, 0.28371782, 0.02610363, 2.000000, 0.000000, 0.000000, 0.000000, 0.000000
240, 1.40000, 1.10000, 0.68342498, 0.28757287, 0.02900215, 2.000000, 0.000000, 0.000000, 0.000000, 0.000000
241, 1.40000, 1.10000, 0.67600299, 0.29180945, 0.03218756, 2.000000, 0.000000, 0.000000, 0.000000, 0.000000
242, 1.40000, 1.10000, 0.66786498, 0.29645475, 0.03568027, 2.000000, 0.000000, 0.000000, 0.000000, 0.000000
243, 1.20000, 0.58000, 0.71554074, 0.26924069, 0.01521857, 2.000000, 0.000000, 0.000000, 0.000000, 0.000000
244, 1.20000, 0.58000, 0.71144196, 0.27158034, 0.01697770, 2.000000, 0.000000, 0.000000, 0.000000, 0.000000
245, 1.20000, 0.58000, 0.70689859, 0.27417376, 0.01892764, 2.000000, 0.000000, 0.000000, 0.000000, 0.000000
246, 1.20000, 0.58000, 0.70186945, 0.27704448, 0.02108607, 2.000000, 0.000000, 0.000000, 0.000000, 0.000000
247, 1.20000, 0.58000, 0.69631116, 0.28021723, 0.02347160, 2.000000, 0.000000, 0.000000, 0.000000, 0.000000
248, 1.20000, 0.58000, 0.69017855, 0.28371782, 0.02610363, 2.000000, 0.000000, 0.000000, 0.000000, 0.000000
249, 1.20000, 0.58000, 0.68342498, 0.28757287, 0.02900215, 2.000000, 0.000000, 0.000000, 0.000000, 0.000000
250, 1.20000, 0.58000, 0.67600299, 0.29180945, 0.03218756, 2.000000, 0.000000, 0.000000, 0.000000, 0.000000
251, 1.20000, 0.58000, 0.66786498, 0.29645475, 0.03568027, 2.000000, 0.000000, 0.000000, 0.000000, 0.000000
252, 1.20000, 0.60000, 0.71554074, 0.26924069, 0.01521857, 2.000000, 0.000000, 0.000000, 0.000000, 0.000000
253, 1.20000, 0.60000, 0.71144196, 0.27158034, 0.01697770, 2.000000, 0.000000, 0.000000, 0.000000, 0.000000
254, 1.20000, 0.60000, 0.70689859, 0.27417376, 0.01892764, 2.000000, 0.000000, 0.000000, 0.000000, 0.000000
255, 1.20000, 0.60000, 0.70186945, 0.27704448, 0.02108607, 2.000000, 0.000000, 0.000000, 0.000000, 0.000000
256, 1.20000, 0.60000, 0.69631116, 0.28021723, 0.02347160, 2.000000, 0.000000, 0.000000, 0.000000, 0.000000
257, 1.20000, 0.60000, 0.69017855, 0.28371782, 0.02610363, 2.000000, 0.000000, 0.000000, 0.000000, 0.000000
258, 1.20000, 0.60000, 0.68342498, 0.28757287, 0.02900215, 2.000000, 0.000000, 0.000000, 0.000000, 0.000000
259, 1.20000, 0.60000, 0.67600299, 0.29180945, 0.03218756, 2.000000, 0.000000, 0.000000, 0.000000, 0.000000
260, 1.20000, 0.60000, 0.66786498, 0.29645475, 0.03568027, 2.000000, 0.000000, 0.000000, 0.000000, 0.000000
261, 1.20000, 0.62000, 0.71554074, 0.26924069, 0.01521857, 2.000000, 0.000000, 0.000000, 0.000000, 0.000000
262, 1.20000, 0.62000, 0.71144196, 0.27158034, 0.01697770, 2.000000, 0.000000, 0.000000, 0.000000, 0.000000
263, 1.20000, 0.62000, 0.70689859, 0.27417376, 0.01892764, 2.000000, 0.000000, 0.000000, 0.000000, 0.000000
264, 1.20000, 0.62000, 0.70186945, 0.27704448, 0.02108607, 2.000000, 0.000000, 0.000000, 0.000000, 0.000000
265, 1.20000, 0.62000, 0.69631116, 0.28021723, 0.02347160, 2.000000, 0.000000, 0.000000, 0.000000, 0.000000
266, 1.20000, 0.62000, 0.69017855, 0.28371782, 0.02610363, 2.000000, 0.000000, 0.000000, 0.000000, 0.000000
267, 1.20000, 0.62000, 0.68342498, 0.28757287, 0.02900215, 2.000000, 0.000000, 0.000000, 0.000000, 0.000000
268, 1.20000, 0.62000, 0.67600299, 0.29180945, 0.03218756, 2.000000, 0.000000, 0.000000, 0.000000, 0.000000
269, 1.20000, 0.62000, 0.66786498, 0.29645475, 0.03568027, 2.000000, 0.000000, 0.000000, 0.000000, 0.000000
270, 1.20000, 0.64000, 0.71554074, 0.26924069, 0.01521857, 2.000000, 0.000000, 0.000000, 0.000000, 0.000000
271, 1.20000, 0.64000, 0.71144196, 0.27158034, 0.01697770, 2.000000, 0.000000, 0.000000, 0.000000, 0.000000
272, 1.20000, 0.64000, 0.70689859, 0.27417376, 0.01892764, 2.000000, 0.000000, 0.000000, 0.000000, 0.000000
273, 1.20000, 0.64000, 0.70186945, 0.27704448, 0.02108607, 2.000000, 0.000000, 0.000000, 0.000000, 0.000000
274, 1.20000, 0.64000, 0.69631116, 0.28021723, 0.02347160, 2.000000, 0.000000, 0.000000, 0.000000, 0.000000
275, 1.20000, 0.64000, 0.69017855, 0.28371782, 0.02610363, 2.000000, 0.000000, 0.000000, 0.000000, 0.000000
276, 1.20000, 0.64000, 0.68342498, 0.28757287, 0.02900215, 2.000000, 0.000000, 0.000000, 0.000000, 0.000000
277, 1.20000, 0.64000, 0.67600299, 0.29180945, 0.03218756, 2.000000, 0.000000, 0.000000, 0.000000, 0.000000
278, 1.20000, 0.64000, 0.66786498, 0.29645475, 0.03568027, 2.000000, 0.000000, 0.000000, 0.000000, 0.000000
279, 1.20000, 0.66000, 0.71554074, 0.26924069, 0.01521857, 2.000000, 0.000000, 0.000000, 0.000000, 0.000000
280, 1.20000, 0.66000, 0.71144196, 0.27158034, 0.01697770, 2.000000, 0.000000, 0.000000, 0.000000, 0.000000
281, 1.20000, 0.66000, 0.70689859, 0.27417376, 0.01892764, 2.000000, 0.000000, 0.000000, 0.000000, 0.000000
282, 1.20000, 0.66000, 0.70186945, 0.27704448, 0.02108607, 2.000000, 0.000000, 0.000000, 0.000000, 0.000000
283, 1.20000, 0.66000, 0.69631116, 0.28021723, 0.02347160, 2.000000, 0.000000, 0.000000, 0.000000, 0.000000
284, 1.20000, 0.66000, 0.69017855, 0.28371782, 0.02610363, 2.000000, 0.000000, 0.000000, 0.000000, 0.000000
285, 1.20000, 0.66000, 0.68342498, 0.28757287, 0.02900215, 2.000000, 0.000000, 0.000000, 0.000000, 0.000000
286, 1.20000, 0.66000, 0.67600299, 0.29180945, 0.03218756, 2.000000, 0.000000, 0.000000, 0.000000, 0.000000
287, 1.20000, 0.66000, 0.66786498, 0.29645475, 0.03568027, 2.000000, 0.000000, 0.000000, 0.000000, 0.000000
288, 1.20000, 0.68000, 0.71554074, 0.26924069, 0.01521857, 2.000000, 0.000000, 0.000000, 0.000000, 0.000000
289, 1.20000, 0.68000, 0.71144196, 0.27158034, 0.01697770, 2.000000, 0.000000, 0.000000, 0.000000, 0.000000
290, 1.20000, 0.68000, 0.70689859, 0.27417376, 0.01892764, 2.000000, 0.000000, 0.000000, 0.000000, 0.000000
291, 1.20000, 0.68000, 0.70186945, 0.27704448, 0.02108607, 2.000000, 0.000000, 0.000000, 0.000000, 0.000000
292, 1.20000, 0.68000, 0.69631116, 0.28021723, 0.02347160, 2.000000, 0.000000, 0.000000, 0.000000, 0.000000
293, 1.20000, 0.68000, 0.69017855, 0.28371782, 0.02610363, 2.000000, 0.000000, 0.000000, 0.000000, 0.000000
294, 1.20000, 0.68000, 0.68342498, 0.28757287, 0.02900215, 2.000000, 0.000000, 0.000000, 0.000000, 0.000000
295, 1.20000, 0.68000, 0.67600299, 0.29180945, 0.03218756, 2.000000, 0.000000, 0.000000, 0.000000, 0.000000
296, 1.20000, 0.68000, 0.66786498, 0.29645475, 0.03568027, 2.000000, 0.000000, 0.000000, 0.000000, 0.000000
297, 1.20000, 0.70000, 0.71554074, 0.26924069, 0.01521857, 2.000000, 0.000000, 0.000000, 0.000000, 0.000000
298, 1.20000, 0.70000, 0.71144196, 0.27158034, 0.01697770, 2.000000, 0.000000, 0.000000, 0.000000, 0.000000
299, 1.20000, 0.70000, 0.70689859, 0.27417376, 0.01892764, 2.000000, 0.000000, 0.000000, 0.000000, 0.000000
300, 1.20000, 0.70000, 0.70186945, 0.27704448, 0.02108607, 2.000000, 0.000000, 0.000000, 0.000000, 0.000000
301, 1.20000, 0.70000, 0.69631116, 0.28021723, 0.02347160, 2.000000, 0.000000, 0.000000, 0.000000, 0.000000
302, 1.20000, 0.70000, 0.69017855, 0.28371782, 0.02610363, 2.000000, 0.000000, 0.000000, 0.000000, 0.000000
303, 1.20000, 0.70000, 0.68342498, 0.28757287, 0.02900215, 2.000000, 0.000000, 0.000000, 0.000000, 0.000000
304, 1.20000, 0.70000, 0.67600299, 0.29180945, 0.03218756, 2.000000, 0.000000, 0.000000, 0.000000, 0.000000
305, 1.20000, 0.70000, 0.66786498, 0.29645475, 0.03568027, 2.000000, 0.000000, 0.000000, 0.000000, 0.000000
306, 1.20000, 0.72000, 0.71554074, 0.26924069, 0.01521857, 2.000000, 0.000000, 0.000000, 0.000000, 0.000000
307, 1.20000, 0.72000, 0.71144196, 0.27158034, 0.01697770, 2.000000, 0.000000, 0.000000, 0.000000, 0.000000
308, 1.20000, 0.72000, 0.70689859, 0.27417376, 0.01892764, 2.000000, 0.000000, 0.000000, 0.000000, 0.000000
309, 1.20000, 0.72000, 0.70186945, 0.27704448, 0.02108607, 2.000000, 0.000000, 0.000000, 0.000000, 0.000000
310, 1.20000, 0.72000, 0.69631116, 0.28021723, 0.02347160, 2.000000, 0.000000, 0.000000, 0.000000, 0.000000
311, 1.20000, 0.72000, 0.69017855, 0.28371782, 0.02610363, 2.000000, 0.000000, 0.000000, 0.000000, 0.000000
312, 1.20000, 0.72000, 0.68342498, 0.28757287, 0.02900215, 2.000000, 0.000000, 0.000000, 0.000000, 0.000000
313, 1.20000, 0.72000, 0.67600299, 0.29180945, 0.03218756, 2.000000, 0.000000, 0.000000, 0.000000, 0.000000
314, 1.20000, 0.72000, 0.66786498, 0.29645475, 0.03568027, 2.000000, 0.000000, 0.000000, 0.000000, 0.000000
315, 1.20000, 0.74000, 0.71554074, 0.26924069, 0.01521857, 2.000000, 0.000000, 0.000000, 0.000000, 0.000000
316, 1.20000, 0.74000, 0.71144196, 0.27158034, 0.01697770, 2.000000, 0.000000, 0.000000, 0.000000, 0.000000
317, 1.20000, 0.74000, 0.70689859, 0.27417376, 0.01892764, 2.000000, 0.000000, 0.000000, 0.000000, 0.000000
318, 1.20000, 0.74000, 0.70186945, 0.27704448, 0.02108607, 2.000000, 0.000000, 0.000000, 0.000000, 0.000000
319, 1.20000, 0.74000, 0.69631116, 0.28021723, 0.02347160, 2.000000, 0.000000, 0.000000, 0.000000, 0.000000
320, 1.20000, 0.74000, 0.69017855, 0.28371782, 0.02610363, 2.000000, 0.000000, 0.000000, 0.000000, 0.000000
321, 1.20000, 0.74000, 0.68342498, 0.28757287, 0.02900215, 2.000000, 0.000000, 0.000000, 0.000000, 0.000000
322, 1.20000, 0.74000, 0.67600299, 0.29180945, 0.03218756, 2.000000, 0.000000, 0.000000, 0.000000, 0.000000
323, 1.20000, 0.74000, 0.66786498, 0.29645475, 0.03568027, 2.000000, 0.000000, 0.000000, 0.000000, 0.000000
324, 1.20000, 0.76000, 0.71554074, 0.26924069, 0.01521857, 2.000000, 0.000000, 0.000000, 0.000000, 0.000000
325, 1.20000, 0.76000, 0.71144196, 0.27158034, 0.01697770, 2.000000, 0.000000, 0.000000, 0.000000, 0.000000
326, 1.20000, 0.76000, 0.70689859, 0.27417376, 0.01892764, 2.000000, 0.000000, 0.000000, 0.000000, 0.000000
327, 1.20000, 0.76000, 0.70186945, 0.27704448, 0.02108607, 2.000000, 0.000000, 0.000000, 0.000000, 0.000000
328, 1.20000, 0.76000, 0.69631116, 0.28021723, 0.02347160, 2.000000, 0.000000, 0.000000, 0.000000, 0.000000
329, 1.20000, 0.76000, 0.69017855, 0.28371782, 0.02610363, 2.000000, 0.000000, 0.000000, 0.000000, 0.000000
330, 1.20000, 0.76000, 0.68342498, 0.28757287, 0.02900215, 2.000000, 0.000000, 0.000000, 0.000000, 0.000000
331, 1.20000, 0.76000, 0.67600299, 0.29180945, 0.03218756, 2.000000, 0.000000, 0.000000, 0.000000, 0.000000
332, 1.20000, 0.76000, 0.66786498, 0.29645475, 0.03568027, 2.000000, 0.000000, 0.000000, 0.000000, 0.000000
333, 1.20000, 0.78000, 0.71554074, 0.26924069, 0.01521857, 2.000000, 0.000000, 0.000000, 0.000000, 0.000000
334, 1.20000, 0.78000, 0.71144196, 0.27158034, 0.01697770, 2.000000, 0.000000, 0.000000, 0.000000, 0.000000
335, 1.20000, 0.78000, 0.70689859, 0.27417376, 0.01892764, 2.000000, 0.000000, 0.000000, 0.000000, 0.000000
336, 1.20000, 0.78000, 0.70186945, 0.27704448, 0.02108607, 2.000000, 0.000000, 0.000000, 0.000000, 0.000000
337, 1.20000, 0.78000, 0.69631116, 0.28021723, 0.02347160, 2.000000, 0.000000, 0.000000, 0.000000, 0.000000
338, 1.20000, 0.78000, 0.69017855, 0.28371782, 0.02610363, 2.000000, 0.000000, 0.000000, 0.000000, 0.000000
339, 1.20000, 0.78000, 0.68342498, 0.28757287, 0.02900215, 2.000000, 0.000000, 0.000000, 0.000000, 0.000000
340, 1.20000, 0.78000, 0.67600299, 0.29180945, 0.03218756, 2.000000, 0.000000, 0.000000, 0.000000, 0.000000
341, 1.20000, 0.78000, 0.66786498, 0.29645475, 0.03568027, 2.000000, 0.000000, 0.000000, 0.000000, 0.000000
342, 1.00000, 0.58000, 0.71554074, 0.26924069, 0.01521857, 2.000000, 0.000000, 0.000000, 0.000000, 0.000000
343, 1.00000, 0.58000, 0.71144196, 0.27158034, 0.01697770, 2.000000, 0.000000, 0.000000, 0.000000, 0.000000
344, 1.00000, 0.58000, 0.70689859, 0.27417376, 0.01892764, 2.000000, 0.000000, 0.000000, 0.000000, 0.000000
345, 1.00000, 0.58000, 0.70186945, 0.27704448, 0.02108607, 2.000000, 0.000000, 0.000000, 0.000000, 0.000000
346, 1.00000, 0.58000, 0.69631116, 0.28021723, 0.02347160, 2.000000, 0.000000, 0.000000, 0.000000, 0.000000
347, 1.00000, 0.58000, 0.69017855, 0.28371782, 0.02610363, 2.000000, 0.000000, 0.000000, 0.000000, 0.000000
348, 1.00000, 0.58000, 0.68342498, 0.28757287, 0.02900215, 2.000000, 0.000000, 0.000000, 0.000000, 0.000000
349, 1.00000, 0.58000, 0.67600299, 0.29180945, 0.03218756, 2.000000, 0.000000, 0.000000, 0.000000, 0.000000
350, 1.00000, 0.58000, 0.66786498, 0.29645475, 0.03568027, 2.000000, 0.000000, 0.000000, 0.000000, 0.000000
351, 1.00000, 0.60000, 0.71554074, 0.26924069, 0.01521857, 2.000000, 0.000000, 0.000000, 0.000000, 0.000000
352, 1.00000, 0.60000, 0.71144196, 0.27158034, 0.01697770, 2.000000, 0.000000, 0.000000, 0.000000, 0.000000
353, 1.00000, 0.60000, 0.70689859, 0.27417376, 0.01892764, 2.000000, 0.000000, 0.000000, 0.000000, 0.000000
354, 1.00000, 0.60000, 0.70186945, 0.27704448, 0.02108607, 2.000000, 0.000000, 0.000000, 0.000000, 0.000000
355, 1.00000, 0.60000, 0.69631116, 0.28021723, 0.02347160, 2.000000, 0.000000, 0.000000, 0.000000, 0.000000
356, 1.00000, 0.60000, 0.69017855, 0.28371782, 0.02610363, 2.000000, 0.000000, 0.000000, 0.000000, 0.000000
357, 1.00000, 0.60000, 0.68342498, 0.28757287, 0.02900215, 2.000000, 0.000000, 0.000000, 0.000000, 0.000000
358, 1.00000, 0.60000, 0.67600299, 0.29180945, 0.03218756, 2.000000, 0.000000, 0.000000, 0.000000, 0.000000
359, 1.00000, 0.60000, 0.66786498, 0.29645475, 0.03568027, 2.000000, 0.000000, 0.000000, 0.000000, 0.000000
360, 1.00000, 0.62000, 0.71554074, 0.26924069, 0.01521857, 2.000000, 0.000000, 0.000000, 0.000000, 0.000000
361, 1.00000, 0.62000, 0.71144196, 0.27158034, 0.01697770, 2.000000, 0.000000, 0.000000, 0.000000, 0.000000
362, 1.00000, 0.62000, 0.70689859, 0.27417376, 0.01892764, 2.000000, 0.000000, 0.000000, 0.000000, 0.000000
363, 1.00000, 0.62000, 0.70186945, 0.27704448, 0.02108607, 2.000000, 0.000000, 0.000000, 0.000000, 0.000000
364, 1.00000, 0.62000, 0.69631116, 0.28021723, 0.02347160, 2.000000, 0.000000, 0.000000, 0.000000, 0.000000
365, 1.00000, 0.62000, 0.69017855, 0.28371782, 0.02610363, 2.000000, 0.000000, 0.000000, 0.000000, 0.000000
366, 1.00000, 0.62000, 0.68342498, 0.28757287, 0.02900215, 2.000000, 0.000000, 0.000000, 0.000000, 0.000000
367, 1.00000, 0.62000, 0.67600299, 0.29180945, 0.03218756, 2.000000, 0.000000, 0.000000, 0.000000, 0.000000
368, 1.00000, 0.62000, 0.66786498, 0.29645475, 0.03568027, 2.000000, 0.000000, 0.000000, 0.000000, 0.000000
369, 1.00000, 0.64000, 0.71554074, 0.26924069, 0.01521857, 2.000000, 0.000000, 0.000000, 0.000000, 0.000000
370, 1.00000, 0.64000, 0.71144196, 0.27158034, 0.01697770, 2.000000, 0.000000, 0.000000, 0.000000, 0.000000
371, 1.00000, 0.64000, 0.70689859, 0.27417376, 0.01892764, 2.000000, 0.000000, 0.000000, 0.000000, 0.000000
372, 1.00000, 0.64000, 0.70186945, 0.27704448, 0.02108607, 2.000000, 0.000000, 0.000000, 0.000000, 0.000000
373, 1.00000, 0.64000, 0.69631116, 0.28021723, 0.02347160, 2.000000, 0.000000, 0.000000, 0.000000, 0.000000
374, 1.00000, 0.64000, 0.69017855, 0.28371782, 0.02610363, 2.000000, 0.000000, 0.000000, 0.000000, 0.000000
375, 1.00000, 0.64000, 0.68342498, 0.28757287, 0.02900215, 2.000000, 0.000000, 0.000000, 0.000000, 0.000000
376, 1.00000, 0.64000, 0.67600299, 0.29180945, 0.03218756, 2.000000, 0.000000, 0.000000, 0.000000, 0.000000
377, 1.00000, 0.64000, 0.66786498, 0.29645475, 0.03568027, 2.000000, 0.000000, 0.000000, 0.000000, 0.000000
378, 1.00000, 0.66000, 0.71554074, 0.26924069, 0.01521857, 2.000000, 0.000000, 0.000000, 0.000000, 0.000000
379, 1.00000, 0.66000, 0.71144196, 0.27158034, 0.01697770, 2.000000, 0.000000, 0.000000, 0.000000, 0.000000
380, 1.00000, 0.66000, 0.70689859, 0.27417376, 0.01892764, 2.000000, 0.000000, 0.000000, 0.000000, 0.000000
381, 1.00000, 0.66000, 0.70186945, 0.27704448, 0.02108607, 2.000000, 0.000000, 0.000000, 0.000000, 0.000000
382, 1.00000, 0.66000, 0.69631116, 0.28021723, 0.02347160, 2.000000, 0.000000, 0.000000, 0.000000, 0.000000
383, 1.00000, 0.66000, 0.69017855, 0.28371782, 0.02610363, 2.000000, 0.000000, 0.000000, 0.000000, 0.000000
384, 1.00000, 0.66000, 0.68342498, 0.28757287, 0.02900215, 2.000000, 0.000000, 0.000000, 0.000000, 0.000000
385, 1.00000, 0.66000, 0.67600299, 0.29180945, 0.03218756, 2.000000, 0.000000, 0.000000, 0.000000, 0.000000
386, 1.00000, 0.66000, 0.66786498, 0.29645475, 0.03568027, 2.000000, 0.000000, 0.000000, 0.000000, 0.000000
387, 1.00000, 0.68000, 0.71554074, 0.26924069, 0.01521857, 2.000000, 0.000000, 0.000000, 0.000000, 0.000000
388, 1.00000, 0.68000, 0.71144196, 0.27158034, 0.01697770, 2.000000, 0.000000, 0.000000, 0.000000, 0.000000
389, 1.00000, 0.68000, 0.70689859, 0.27417376, 0.01892764, 2.000000, 0.000000, 0.000000, 0.000000, 0.000000
390, 1.00000, 0.68000, 0.70186945, 0.27704448, 0.02108607, 2.000000, 0.000000, 0.000000, 0.000000, 0.000000
391, 1.00000, 0.68000, 0.69631116, 0.28021723, 0.02347160, 2.000000, 0.000000, 0.000000, 0.000000, 0.000000
392, 1.00000, 0.68000, 0.69017855, 0.28371782, 0.02610363, 2.000000, 0.000000, 0.000000, 0.000000, 0.000000
393, 1.00000, 0.68000, 0.68342498, 0.28757287, 0.02900215, 2.000000, 0.000000, 0.000000, 0.000000, 0.000000
394, 1.00000, 0.68000, 0.67600299, 0.29180945, 0.03218756, 2.000000, 0.000000, 0.000000, 0.000000, 0.000000
395, 1.00000, 0.68000, 0.66786498, 0.29645475, 0.03568027, 2.000000, 0.000000, 0.000000, 0.000000, 0.000000
396, 1.00000, 0.70000, 0.71554074, 0.26924069, 0.01521857, 2.000000, 0.000000, 0.000000, 0.000000, 0.000000
397, 1.00000, 0.70000, 0.71144196, 0.27158034, 0.01697770, 2.000000, 0.000000, 0.000000, 0.000000, 0.000000
398, 1.00000, 0.70000, 0.70689859, 0.27417376, 0.01892764, 2.000000, 0.000000, 0.000000, 0.000000, 0.000000
399, 1.00000, 0.70000, 0.70186945, 0.27704448, 0.02108607, 2.000000, 0.000000, 0.000000, 0.000000, 0.000000
400, 1.00000, 0.70000, 0.69631116, 0.28021723, 0.02347160, 2.000000, 0.000000, 0.000000, 0.000000, 0.000000
401, 1.00000, 0.70000, 0.69017855, 0.28371782, 0.02610363, 2.000000, 0.000000, 0.000000, 0.000000, 0.000000
402, 1.00000, 0.70000, 0.68342498, 0.28757287, 0.02900215, 2.000000, 0.000000, 0.000000, 0.000000, 0.000000
403, 1.00000, 0.70000, 0.67600299, 0.29180945, 0.03218756, 2.000000, 0.000000, 0.000000, 0.000000, 0.000000
404, 1.00000, 0.70000, 0.66786498, 0.29645475, 0.03568027, 2.000000, 0.000000, 0.000000, 0.000000, 0.000000
405, 1.00000, 0.72000, 0.71554074, 0.26924069, 0.01521857, 2.000000, 0.000000, 0.000000, 0.000000, 0.000000
406, 1.00000, 0.72000, 0.71144196, 0.27158034, 0.01697770, 2.000000, 0.000000, 0.000000, 0.000000, 0.000000
407, 1.00000, 0.72000, 0.70689859, 0.27417376, 0.01892764, 2.000000, 0.000000, 0.000000, 0.000000, 0.000000
408, 1.00000, 0.72000, 0.70186945, 0.27704448, 0.02108607, 2.000000, 0.000000, 0.000000, 0.000000, 0.000000
409, 1.00000, 0.72000, 0.69631116, 0.28021723, 0.02347160, 2.000000, 0.000000, 0.000000, 0.000000, 0.000000
410, 1.00000, 0.72000, 0.69017855, 0.28371782, 0.02610363, 2.000000, 0.000000, 0.000000, 0.000000, 0.000000
411, 1.00000, 0.72000, 0.68342498, 0.28757287, 0.02900215, 2.000000, 0.000000, 0.000000, 0.000000, 0.000000
412, 1.00000, 0.72000, 0.67600299, 0.29180945, 0.03218756, 2.000000, 0.000000, 0.000000, 0.000000, 0.000000
413, 1.00000, 0.72000, 0.66786498, 0.29645475, 0.03568027, 2.000000, 0.000000, 0.000000, 0.000000, 0.000000
414, 1.00000, 0.74000, 0.71554074, 0.26924069, 0.01521857, 2.000000, 0.000000, 0.000000, 0.000000, 0.000000
415, 1.00000, 0.74000, 0.71144196, 0.27158034, 0.01697770, 2.000000, 0.000000, 0.000000, 0.000000, 0.000000
416, 1.00000, 0.74000, 0.70689859, 0.27417376, 0.01892764, 2.000000, 0.000000, 0.000000, 0.000000, 0.000000
417, 1.00000, 0.74000, 0.70186945, 0.27704448, 0.02108607, 2.000000, 0.000000, 0.000000, 0.000000, 0.000000
418, 1.00000, 0.74000, 0.69631116, 0.28021723, 0.02347160, 2.000000, 0.000000, 0.000000, 0.000000, 0.000000
419, 1.00000, 0.74000, 0.69017855, 0.28371782, 0.02610363, 2.000000, 0.000000, 0.000000, 0.000000, 0.000000
420, 1.00000, 0.74000, 0.68342498, 0.28757287, 0.02900215, 2.000000, 0.000000, 0.000000, 0.000000, 0.000000
421, 1.00000, 0.74000, 0.67600299, 0.29180945, 0.03218756, 2.000000, 0.000000, 0.000000, 0.000000, 0.000000
422, 1.00000, 0.74000, 0.66786498, 0.29645475, 0.03568027, 2.000000, 0.000000, 0.000000, 0.000000, 0.000000
423, 1.00000, 0.76000, 0.71554074, 0.26924069, 0.01521857, 2.000000, 0.000000, 0.000000, 0.000000, 0.000000
424, 1.00000, 0.76000, 0.71144196, 0.27158034, 0.01697770, 2.000000, 0.000000, 0.000000, 0.000000, 0.000000
425, 1.00000, 0.76000, 0.70689859, 0.27417376, 0.01892764, 2.000000, 0.000000, 0.000000, 0.000000, 0.000000
426, 1.00000, 0.76000, 0.70186945, 0.27704448, 0.02108607, 2.000000, 0.000000, 0.000000, 0.000000, 0.000000
427, 1.00000, 0.76000, 0.69631116, 0.28021723, 0.02347160, 2.000000, 0.000000, 0.000000, 0.000000, 0.000000
428, 1.00000, 0.76000, 0.69017855, 0.28371782, 0.02610363, 2.000000, 0.000000, 0.000000, 0.000000, 0.000000
429, 1.00000, 0.76000, 0.68342498, 0.28757287, 0.02900215, 2.000000, 0.000000, 0.000000, 0.000000, 0.000000
430, 1.00000, 0.76000, 0.67600299, 0.29180945, 0.03218756, 2.000000, 0.000000, 0.000000, 0.000000, 0.000000
431, 1.00000, 0.76000, 0.66786498, 0.29645475, 0.03568027, 2.000000, 0.000000, 0.000000, 0.000000, 0.000000
432, 1.00000, 0.78000, 0.71554074, 0.26924069, 0.01521857, 2.000000, 0.000000, 0.000000, 0.000000, 0.000000
433, 1.00000, 0.78000, 0.71144196, 0.27158034, 0.01697770, 2.000000, 0.000000, 0.000000, 0.000000, 0.000000
434, 1.00000, 0.78000, 0.70689859, 0.27417376, 0.01892764, 2.000000, 0.000000, 0.000000, 0.000000, 0.000000
435, 1.00000, 0.78000, 0.70186945, 0.27704448, 0.02108607, 2.000000, 0.000000, 0.000000, 0.000000, 0.000000
436, 1.00000, 0.78000, 0.69631116, 0.28021723, 0.02347160, 2.000000, 0.000000, 0.000000, 0.000000, 0.000000
437, 1.00000, 0.78000, 0.69017855, 0.28371782, 0.02610363, 2.000000, 0.000000, 0.000000, 0.000000, 0.000000
438, 1.00000, 0.78000, 0.68342498, 0.28757287, 0.02900215, 2.000000, 0.000000, 0.000000, 0.000000, 0.000000
439, 1.00000, 0.78000, 0.67600299, 0.29180945, 0.03218756, 2.000000, 0.000000, 0.000000, 0.000000, 0.000000
440, 1.00000, 0.78000, 0.66786498, 0.29645475, 0.03568027, 2.000000, 0.000000, 0.000000, 0.000000, 0.000000
441, 0.80000, 0.58000, 0.71554074, 0.26924069, 0.01521857, 2.000000, 0.000000, 0.000000, 0.000000, 0.000000
442, 0.80000, 0.58000, 0.71144196, 0.27158034, 0.01697770, 2.000000, 0.000000, 0.000000, 0.000000, 0.000000
443, 0.80000, 0.58000, 0.70689859, 0.27417376, 0.01892764, 2.000000, 0.000000, 0.000000, 0.000000, 0.000000
444, 0.80000, 0.58000, 0.70186945, 0.27704448, 0.02108607, 2.000000, 0.000000, 0.000000, 0.000000, 0.000000
445, 0.80000, 0.58000, 0.69631116, 0.28021723, 0.02347160, 2.000000, 0.000000, 0.000000, 0.000000, 0.000000
446, 0.80000, 0.58000, 0.69017855, 0.28371782, 0.02610363, 2.000000, 0.000000, 0.000000, 0.000000, 0.000000
447, 0.80000, 0.58000, 0.68342498, 0.28757287, 0.02900215, 2.000000, 0.000000, 0.000000, 0.000000, 0.000000
448, 0.80000, 0.58000, 0.67600299, 0.29180945, 0.03218756, 2.000000, 0.000000, 0.000000, 0.000000, 0.000000
449, 0.80000, 0.58000, 0.66786498, 0.29645475, 0.03568027, 2.000000, 0.000000, 0.000000, 0.000000, 0.000000
450, 0.80000, 0.60000, 0.71554074, 0.26924069, 0.01521857, 2.000000, 0.000000, 0.000000, 0.000000, 0.000000
451, 0.80000, 0.60000, 0.71144196, 0.27158034, 0.01697770, 2.000000, 0.000000, 0.000000, 0.000000, 0.000000
452, 0.80000, 0.60000, 0.70689859, 0.27417376, 0.01892764, 2.000000, 0.000000, 0.000000, 0.000000, 0.000000
453, 0.80000, 0.60000, 0.70186945, 0.27704448, 0.02108607, 2.000000, 0.000000, 0.000000, 0.000000, 0.000000
454, 0.80000, 0.60000, 0.69631116, 0.28021723, 0.02347160, 2.000000, 0.000000, 0.000000, 0.000000, 0.000000
455, 0.80000, 0.60000, 0.69017855, 0.28371782, 0.02610363, 2.000000, 0.000000, 0.000000, 0.000000, 0.000000
456, 0.80000, 0.60000, 0.68342498, 0.28757287, 0.02900215, 2.000000, 0.000000, 0.000000, 0.000000, 0.000000
457, 0.80000, 0.60000, 0.67600299, 0.29180945, 0.03218756, 2.000000, 0.000000, 0.000000, 0.000000, 0.000000
458, 0.80000, 0.60000, 0.66786498, 0.29645475, 0.03568027, 2.000000, 0.000000, 0.000000, 0.000000, 0.000000
459, 0.80000, 0.62000, 0.71554074, 0.26924069, 0.01521857, 2.000000, 0.000000, 0.000000, 0.000000, 0.000000
460, 0.80000, 0.62000, 0.71144196, 0.27158034, 0.01697770, 2.000000, 0.000000, 0.000000, 0.000000, 0.000000
461, 0.80000, 0.62000, 0.70689859, 0.27417376, 0.01892764, 2.000000, 0.000000, 0.000000, 0.000000, 0.000000
462, 0.80000, 0.62000, 0.70186945, 0.27704448, 0.02108607, 2.000000, 0.000000, 0.000000, 0.000000, 0.000000
463, 0.80000, 0.62000, 0.69631116, 0.28021723, 0.02347160, 2.000000, 0.000000, 0.000000, 0.000000, 0.000000
464, 0.80000, 0.62000, 0.69017855, 0.28371782, 0.02610363, 2.000000, 0.000000, 0.000000, 0.000000, 0.000000
465, 0.80000, 0.62000, 0.68342498, 0.28757287, 0.02900215, 2.000000, 0.000000, 0.000000, 0.000000, 0.000000
466, 0.80000, 0.62000, 0.67600299, 0.29180945, 0.03218756, 2.000000, 0.000000, 0.000000, 0.000000, 0.000000
467, 0.80000, 0.62000, 0.66786498, 0.29645475, 0.03568027, 2.000000, 0.000000, 0.000000, 0.000000, 0.000000
468, 0.80000, 0.64000, 0.71554074, 0.26924069, 0.01521857, 2.000000, 0.000000, 0.000000, 0.000000, 0.000000
469, 0.80000, 0.64000, 0.71144196, 0.27158034, 0.01697770, 2.000000, 0.000000, 0.000000, 0.000000, 0.000000
470, 0.80000, 0.64000, 0.70689859, 0.27417376, 0.01892764, 2.000000, 0.000000, 0.000000, 0.000000, 0.000000
471, 0.80000, 0.64000, 0.70186945, 0.27704448, 0.02108607, 2.000000, 0.000000, 0.000000, 0.000000, 0.000000
472, 0.80000, 0.64000, 0.69631116, 0.28021723, 0.02347160, 2.000000, 0.000000, 0.000000, 0.000000, 0.000000
473, 0.80000, 0.64000, 0.69017855, 0.28371782, 0.02610363, 2.000000, 0.000000, 0.000000, 0.000000, 0.000000
474, 0.80000, 0.64000, 0.68342498, 0.28757287, 0.02900215, 2.000000, 0.000000, 0.000000, 0.000000, 0.000000
475, 0.80000, 0.64000, 0.67600299, 0.29180945, 0.03218756, 2.000000, 0.000000, 0.000000, 0.000000, 0.000000
476, 0.80000, 0.64000, 0.66786498, 0.29645475, 0.03568027, 2.000000, 0.000000, 0.000000, 0.000000, 0.000000
477, 0.80000, 0.66000, 0.71554074, 0.26924069, 0.01521857, 2.000000, 0.000000, 0.000000, 0.000000, 0.000000
478, 0.80000, 0.66000, 0.71144196, 0.27158034, 0.01697770, 2.000000, 0.000000, 0.000000, 0.000000, 0.000000
479, 0.80000, 0.66000, 0.70689859, 0.27417376, 0.01892764, 2.000000, 0.000000, 0.000000, 0.000000, 0.000000
480, 0.80000, 0.66000, 0.70186945, 0.27704448, 0.02108607, 2.000000, 0.000000, 0.000000, 0.000000, 0.000000
481, 0.80000, 0.66000, 0.69631116, 0.28021723, 0.02347160, 2.000000, 0.000000, 0.000000, 0.000000, 0.000000
482, 0.80000, 0.66000, 0.69017855, 0.28371782, 0.02610363, 2.000000, 0.000000, 0.000000, 0.000000, 0.000000
483, 0.80000, 0.66000, 0.68342498, 0.28757287, 0.02900215, 2.000000, 0.000000, 0.000000, 0.000000, 0.000000
484, 0.80000, 0.66000, 0.67600299, 0.29180945, 0.03218756, 2.000000, 0.000000, 0.000000, 0.000000, 0.000000
485, 0.80000, 0.66000, 0.66786498, 0.29645475, 0.03568027, 2.000000, 0.000000, 0.000000, 0.000000, 0.000000
486, 0.80000, 0.68000, 0.71554074, 0.26924069, 0.01521857, 2.000000, 0.000000, 0.000000, 0.000000, 0.000000
487, 0.80000, 0.68000, 0.71144196, 0.27158034, 0.01697770, 2.000000, 0.000000, 0.000000, 0.000000, 0.000000
488, 0.80000, 0.68000, 0.70689859, 0.27417376, 0.01892764, 2.000000, 0.000000, 0.000000, 0.000000, 0.000000
489, 0.80000, 0.68000, 0.70186945, 0.27704448, 0.02108607, 2.000000, 0.000000, 0.000000, 0.000000, 0.000000
490, 0.80000, 0.68000, 0.69631116, 0.28021723, 0.02347160, 2.000000, 0.000000, 0.000000, 0.000000, 0.000000
491, 0.80000, 0.68000, 0.69017855, 0.28371782, 0.02610363, 2.000000, 0.000000, 0.000000, 0.000000, 0.000000
492, 0.80000, 0.68000, 0.68342498, 0.28757287, 0.02900215, 2.000000, 0.000000, 0.000000, 0.000000, 0.000000
493, 0.80000, 0.68000, 0.67600299, 0.29180945, 0.03218756, 2.000000, 0.000000, 0.000000, 0.000000, 0.000000
494, 0.80000, 0.68000, 0.66786498, 0.29645475, 0.03568027, 2.000000, 0.000000, 0.000000, 0.000000, 0.000000
495, 0.80000, 0.70000, 0.71554074, 0.26924069, 0.01521857, 2.000000, 0.000000, 0.000000, 0.000000, 0.000000
496, 0.80000, 0.70000, 0.71144196, 0.27158034, 0.01697770, 2.000000, 0.000000, 0.000000, 0.000000, 0.000000
497, 0.80000, 0.70000, 0.70689859, 0.27417376, 0.01892764, 2.000000, 0.000000, 0.000000, 0.000000, 0.000000
498, 0.80000, 0.70000, 0.70186945, 0.27704448, 0.02108607, 2.000000, 0.000000, 0.000000, 0.000000, 0.000000
499, 0.80000, 0.70000, 0.69631116, 0.28021723, 0.02347160, 2.000000, 0.000000, 0.000000, 0.000000, 0.000000
500, 0.80000, 0.70000, 0.69017855, 0.28371782, 0.02610363, 2.000000, 0.000000, 0.000000, 0.000000, 0.000000
501, 0.80000, 0.70000, 0.68342498, 0.28757287, 0.02900215, 2.000000, 0.000000, 0.000000, 0.000000, 0.000000
502, 0.80000, 0.70000, 0.67600299, 0.29180945, 0.03218756, 2.000000, 0.000000, 0.000000, 0.000000, 0.000000
503, 0.80000, 0.70000, 0.66786498, 0.29645475, 0.03568027, 2.000000, 0.000000, 0.000000, 0.000000, 0.000000
504, 0.80000, 0.72000, 0.71554074, 0.26924069, 0.01521857, 2.000000, 0.000000, 0.000000, 0.000000, 0.000000
505, 0.80000, 0.72000, 0.71144196, 0.27158034, 0.01697770, 2.000000, 0.000000, 0.000000, 0.000000, 0.000000
506, 0.80000, 0.72000, 0.70689859, 0.27417376, 0.01892764, 2.000000, 0.000000, 0.000000, 0.000000, 0.000000
507, 0.80000, 0.72000, 0.70186945, 0.27704448, 0.02108607, 2.000000, 0.000000, 0.000000, 0.000000, 0.000000
508, 0.80000, 0.72000, 0.69631116, 0.28021723, 0.02347160, 2.000000, 0.000000, 0.000000, 0.000000, 0.000000
509, 0.80000, 0.72000, 0.69017855, 0.28371782, 0.02610363, 2.000000, 0.000000, 0.000000, 0.000000, 0.000000
510, 0.80000, 0.72000, 0.68342498, 0.28757287, 0.02900215, 2.000000, 0.000000, 0.000000, 0.000000, 0.000000
511, 0.80000, 0.72000, 0.67600299, 0.29180945, 0.03218756, 2.000000, 0.000000, 0.000000, 0.000000, 0.000000
512, 0.80000, 0.72000, 0.66786498, 0.29645475, 0.03568027, 2.000000, 0.000000, 0.000000, 0.000000, 0.000000
513, 0.80000, 0.74000, 0.71554074, 0.26924069, 0.01521857, 2.000000, 0.000000, 0.000000, 0.000000, 0.000000
514, 0.80000, 0.74000, 0.71144196, 0.27158034, 0.01697770, 2.000000, 0.000000, 0.000000, 0.000000, 0.000000
515, 0.80000, 0.74000, 0.70689859, 0.27417376, 0.01892764, 2.000000, 0.000000, 0.000000, 0.000000, 0.000000
516, 0.80000, 0.74000, 0.70186945, 0.27704448, 0.02108607, 2.000000, 0.000000, 0.000000, 0.000000, 0.000000
517, 0.80000, 0.74000, 0.69631116, 0.28021723, 0.02347160, 2.000000, 0.000000, 0.000000, 0.000000, 0.000000
518, 0.80000, 0.74000, 0.69017855, 0.28371782, 0.02610363, 2.000000, 0.000000, 0.000000, 0.000000, 0.000000
519, 0.80000, 0.74000, 0.68342498, 0.28757287, 0.02900215, 2.000000, 0.000000, 0.000000, 0.000000, 0.000000
520, 0.80000, 0.74000, 0.67600299, 0.29180945, 0.03218756, 2.000000, 0.000000, 0.000000, 0.000000, 0.000000
521, 0.80000, 0.74000, 0.66786498, 0.29645475, 0.03568027, 2.000000, 0.000000, 0.000000, 0.000000, 0.000000
522, 0.80000, 0.76000, 0.71554074, 0.26924069, 0.01521857, 2.000000, 0.000000, 0.000000, 0.000000, 0.000000
523, 0.80000, 0.76000, 0.71144196, 0.27158034, 0.01697770, 2.000000, 0.000000, 0.000000, 0.000000, 0.000000
524, 0.80000, 0.76000, 0.70689859, 0.27417376, 0.01892764, 2.000000, 0.000000, 0.000000, 0.000000, 0.000000
525, 0.80000, 0.76000, 0.70186945, 0.27704448, 0.02108607, 2.000000, 0.000000, 0.000000, 0.000000, 0.000000
526, 0.80000, 0.76000, 0.69631116, 0.28021723, 0.02347160, 2.000000, 0.000000, 0.000000, 0.000000, 0.000000
527, 0.80000, 0.76000, 0.69017855, 0.28371782, 0.02610363, 2.000000, 0.000000, 0.000000, 0.000000, 0.000000
528, 0.80000, 0.76000, 0.68342498, 0.28757287, 0.02900215, 2.000000, 0.000000, 0.000000, 0.000000, 0.000000
529, 0.80000, 0.76000, 0.67600299, 0.29180945, 0.03218756, 2.000000, 0.000000, 0.000000, 0.000000, 0.000000
530, 0.80000, 0.76000, 0.66786498, 0.29645475, 0.03568027, 2.000000, 0.000000, 0.000000, 0.000000, 0.000000
531, 0.80000, 0.78000, 0.71554074, 0.26924069, 0.01521857, 2.000000, 0.000000, 0.000000, 0.000000, 0.000000
532, 0.80000, 0.78000, 0.71144196, 0.27158034, 0.01697770, 2.000000, 0.000000, 0.000000, 0.000000, 0.000000
533, 0.80000, 0.78000, 0.70689859, 0.27417376, 0.01892764, 2.000000, 0.000000, 0.000000, 0.000000, 0.000000
534, 0.80000, 0.78000, 0.70186945, 0.27704448, 0.02108607, 2.000000, 0.000000, 0.000000, 0.000000, 0.000000
535, 0.80000, 0.78000, 0.69631116, 0.28021723, 0.02347160, 2.000000, 0.000000, 0.000000, 0.000000, 0.000000
536, 0.80000, 0.78000, 0.69017855, 0.28371782, 0.02610363, 2.000000, 0.000000, 0.000000, 0.000000, 0.000000
537, 0.80000, 0.78000, 0.68342498, 0.28757287, 0.02900215, 2.000000, 0.000000, 0.000000, 0.000000, 0.000000
538, 0.80000, 0.78000, 0.67600299, 0.29180945, 0.03218756, 2.000000, 0.000000, 0.000000, 0.000000, 0.000000
539, 0.80000, 0.78000, 0.66786498, 0.29645475, 0.03568027, 2.000000, 0.000000, 0.000000, 0.000000, 0.000000